<?xml version="1.0"?>
<opencv_storage>
<calibration_time>"Tue Mar 21 11:26:43 2017"</calibration_time>
<nr_of_frames>25</nr_of_frames>
<image_width>640</image_width>
<image_height>480</image_height>
<board_width>7</board_width>
<board_height>7</board_height>
<square_size>50.</square_size>
<fix_aspect_ratio>1.</fix_aspect_ratio>
<!-- flags: +fix_aspectRatio +fix_principal_point +fix_k4 +fix_k5 -->
<flags>6150</flags>
<fisheye_model>0</fisheye_model>
<camera_matrix type_id="opencv-matrix">
  <rows>3</rows>
  <cols>3</cols>
  <dt>d</dt>
  <data>
    9.7000603270551437e+02 0. 320. 0. 9.7000603270551437e+02 240. 0. 0.
    1.</data></camera_matrix>
<distortion_coefficients type_id="opencv-matrix">
  <rows>5</rows>
  <cols>1</cols>
  <dt>d</dt>
  <data>
    5.4735880843900120e-01 -6.9695179875811899e+00
    7.6818252941571449e-02 2.1039852624602982e-02 2.3669795520838260e+01</data></distortion_coefficients>
<avg_reprojection_error>1.3445654255321107e+00</avg_reprojection_error>
<per_view_reprojection_errors type_id="opencv-matrix">
  <rows>25</rows>
  <cols>1</cols>
  <dt>f</dt>
  <data>
    1.77026284e+00 1.83312762e+00 1.58525419e+00 1.46344709e+00
    1.01607299e+00 1.28502858e+00 1.33996737e+00 1.52075124e+00
    1.54162252e+00 2.30360055e+00 1.11382937e+00 7.45123446e-01
    1.12324607e+00 1.10062349e+00 1.02929199e+00 1.12556303e+00
    1.05003178e+00 1.09494591e+00 1.08498180e+00 1.07345486e+00
    1.06537795e+00 1.12688816e+00 1.10714769e+00 1.05993223e+00
    1.89528811e+00</data></per_view_reprojection_errors>
<!-- a set of 6-tuples (rotation vector + translation vector) for each view -->
<extrinsic_parameters type_id="opencv-matrix">
  <rows>25</rows>
  <cols>6</cols>
  <dt>d</dt>
  <data>
    1.7205401603700038e-01 2.0405940210442518e-02
    -1.7557829442222311e-02 3.2730111538259237e+01
    -5.1652537507448081e+01 1.1481270654934683e+03
    1.7131915503733219e-01 2.7695136002158560e-02
    -1.5982396097312654e-02 3.5968087612671319e+01
    -5.1101706399262945e+01 1.1579595809696757e+03
    2.1695662204584784e-01 1.4254962652262169e-02
    -3.6498150370173295e-02 1.8931843109960578e+01
    -9.0721725262881321e+01 1.1361140019767304e+03
    2.6210187483361647e-01 3.5209458098450094e-02
    -2.6053109831818400e-02 1.4831006559215827e+00
    -1.6598621457945777e+02 1.0984176360179456e+03
    1.4438749514904778e-01 -2.2044126715935509e-02
    -8.1403350085396467e-03 6.3983868695433358e+01
    -1.7731797106301383e+02 1.2739217671802851e+03
    2.8559326917505411e-02 -1.2795561813983305e-01
    -3.2214693508535536e-02 4.4448324188619573e+01
    -2.3779708283619905e+02 1.3383401677069842e+03
    -3.4633937679067008e-02 -2.2150040450809200e-01
    -1.3532392692589140e-02 8.2042051659906733e+01
    -2.3424686335569788e+02 1.3683722054612022e+03
    1.1974687015462572e-02 -3.5676120697740799e-01
    -2.2602606269298005e-02 1.1606746415140067e+02
    -1.9978854677263050e+02 1.3935502883728243e+03
    1.7728942591711336e-01 -3.2177606855599428e-01
    -2.5689995071024787e-02 9.4627271628261227e+01
    -2.4239074928942568e+02 1.2677296215171398e+03
    1.2754706135851407e-01 -4.4212025374009745e-01
    -6.2345524699818577e-02 7.5904262876391002e+01
    -2.6543662279142967e+02 1.1484109350965653e+03
    1.5342920848711689e-01 -1.8620526437432744e-01
    -3.9658590898081318e-02 5.6870987212300989e+01
    -2.8459480305723861e+02 1.1956548275775185e+03
    1.0670510252178607e-01 -2.6812889091381836e-01
    1.5105507235466018e+00 3.4205281621707417e+02
    -3.0047276557985890e+02 1.2029801676614177e+03
    2.4819965713578240e-01 -9.7099761880334354e-02
    1.5781146922305800e+00 1.5920603184496281e+01
    -2.1650312791027096e+02 8.7920267499312035e+02
    2.6259638475006963e-01 -1.0190014952652171e-01
    1.5828880293984813e+00 1.8802016800598508e+01
    -2.0471684584776040e+02 8.8037157297538738e+02
    1.2728500067655518e-01 2.6419081146445084e-01
    -1.5401762027507935e+00 -2.7506529231958194e+02
    1.1024142769419555e+02 9.9756117988212281e+02 1.0419146803924678e-01
    2.8029904287804086e-01 -1.5365217417652026e+00
    -2.9737138800423980e+02 1.1695110367877099e+02
    9.9073415374710044e+02 2.8177145900055400e-01
    -1.2659609019389317e-01 1.5858664162834288e+00
    1.0680456533897424e+01 -1.3365002721175799e+02
    8.9296547954437142e+02 1.2887272947715381e-01 2.7077049473229986e-01
    -1.5226014644238843e+00 -2.9689978001504363e+02
    1.6461599099937069e+02 1.0059426542112311e+03 1.2769110220320981e-01
    2.8657823348646289e-01 -1.5255456278138961e+00
    -3.0177300207287220e+02 1.8861303003709514e+02
    1.0147929429895199e+03 2.6121389319836813e-01 5.7685574396786413e-02
    1.4112299880997410e-02 -2.9203422790626740e+02
    -7.2691642380234910e+01 9.4833498012929931e+02
    1.6693655622502068e-01 2.5743374752111664e-01
    -1.5415460064086897e+00 -2.8173535386535821e+02
    2.2452718942328175e+02 1.0503304039699212e+03 2.0454401009917300e-01
    2.2338680920907250e-01 -1.5537826887799264e+00
    -2.3833909385868856e+02 2.2371536218566922e+02
    1.0969847221791936e+03 2.7143476968299945e-01
    -6.0156087103209275e-03 -1.0758232377246889e-04
    -2.1891271836521494e+02 -6.0742679576299189e+01
    1.0343238599599547e+03 2.5487101922313216e-01
    -2.4741505989577428e-01 1.5472388373155004e+00
    8.0176255424838217e+01 -7.3362154851025892e+01
    1.0181338892929884e+03 2.7044549119866013e-01
    -1.5096840522458060e-02 -5.6765812282108998e-03
    -1.9681668531746186e+02 -1.6083011158157356e+02
    1.0147321816591638e+03</data></extrinsic_parameters>
</opencv_storage>
